1 : 0 0
2 : 0 0
3 : 1 1
4 : 2 2
5 : 3 3
6 : 6 5
7 : 7 7
8 : 10 9
9 : 12 12
10 : 16 15
11 : 18 18
12 : 24 22
13 : 26 26
14 : 32 30
15 : 35 35
16 : 42 40
17 : 45 45
18 : 54 51
19 : 57 57
20 : 66 63
21 : 70 70
22 : 80 77
23 : 84 84
24 : 96 92
25 : 100 100
26 : 112 108
27 : 117 117
28 : 130 126
29 : 135 135
30 : 150 145
31 : 155 155
32 : 170 165
33 : 176 176
34 : 192 187
35 : 198 198
36 : 216 210
37 : 222 222
38 : 240 234
39 : 247 247
40 : 266 260
41 : 273 273
42 : 294 287
43 : 301 301
44 : 322 315
45 : 330 330
46 : 352 345
47 : 360 360
48 : 384 376
49 : 392 392
50 : 416 408
51 : 425 425
52 : 450 442
53 : 459 459
54 : 486 477
55 : 495 495
56 : 522 513
57 : 532 532
58 : 560 551
59 : 570 570
60 : 600 590
61 : 610 610
62 : 640 630
63 : 651 651
64 : 682 672
65 : 693 693
66 : 726 715
67 : 737 737
68 : 770 759
69 : 782 782
70 : 816 805
71 : 828 828
72 : 864 852
73 : 876 876
74 : 912 900
75 : 925 925
76 : 962 950
77 : 975 975
78 : 1014 1001
79 : 1027 1027
80 : 1066 1053
81 : 1080 1080
82 : 1120 1107
83 : 1134 1134
84 : 1176 1162
85 : 1190 1190
86 : 1232 1218
87 : 1247 1247
88 : 1290 1276
89 : 1305 1305
90 : 1350 1335
91 : 1365 1365
92 : 1410 1395
93 : 1426 1426
94 : 1472 1457
95 : 1488 1488
96 : 1536 1520
97 : 1552 1552
98 : 1600 1584
99 : 1617 1617
100 : 1666 1650
